3998755066
3998755068
3998755073
3998755084
3998755087
3998755090
3998787076
3998787078
3998787079
3998787084
3998787086
3998787091
3998787097
3998787099
3998787100
3998787101
3998787104
3998787113
3998787123
3998787124
3998787139
3998818004
3998818006
3998818010
3998818043
3998838028
3998838030
3998871003
3998871019
3998871030
3998871038
3998871068
9224522066
9224522089
9224522098
9224522100
9224523008
9224523012
9224523015
9224523017
9224523024
9224523028
9224523029
9224523030
9224523031
9224523034
9224523036
9224523037
9224523040
9224523046
9224523054
9224523060
9224523061
9224523062
9224523063
9224523070
9224523072
9224523087
9224523101
9234549010
9234549011
9234985006
9234985007
9234985025
9234985033
9234985034
9234985041
9234985049
9234985061
9248833010
9248833037
9248833050
9248833052
9248833055
9248833057
9248833060
9248833062
9248833065
9248833071
9248833082
9248833083
9248833088
9248833097
9248833102
9248833109
9248833122
9248833124
9249889079
9249889087
9249889097
9249889101
9250939002
9250939004
9250939005
9250939008
9250939009
9250939012
9250939014
9250939015
9250939020
9250939022
9250939031
9250939032
9250939035
9250939036
9250939037
9250939039
9250939044
9250939046
9256320034
9256320036
9256320039
9256320041
9256320043
9256320044
9256320047
9256320050
9256320069
9256320072
9256321084
9256321094
9256321098
9256321102
9256760007
9256760022
9257259031
9257259040
9257259052
9257259056
9257259057
9257259062
9257259067
9257259072
9257259073
9257259074
9257259081
9257259084
9257259086
9257259089
9257259092
9257259094
9257259095
9257259097
9257259100
9257302006
9257302012
9257302019
9257302021
9257302022
9445264124
9445264130
9445264143
9445264146
9445264149
9445264155
9445264156
9445264167
9445264169
9445264170
9445264178
9445264179
9446211001
9446211038
9446211042
9446211044
9446211046
9446211047
9446211048
9446211049
9446211050
9446211053
9446211054
9446211058
9446211065
9446908009
9446908057
9446908061
9446908078
9446908097
9446908100
9446908105
9447848003
9447848013
9447848022
9447848030
9447848051
9449359093
9449359094
9449359100
9449359115
9449359116
9449359118
9449359120
9460438008
9460438018
9460438020
9460438021
9460438030
9460438040
9460438045
9460438055
9460580001
9460580002
9983140133
9983140137
9983140159
9983140164
9983140172
9983140178
9983140192
9985134020
9985134031
9985134038
9985134040
9985134041
9985134046
9985134050
9985134051
9985134060
9985134062
9985187150
9985187152
9985187153
9985187159
9989082033
9989082037
9989082040
9989082043
9989082049
9989082056
